0.8589999807998538
0.9859999779611825
1.130499974731356
1.4749999670311809
1.5034999663941562
2.204499950725585
3.4009999239817263
3.895999912917614
4.07949990881607
4.620499896723777
5.662499873433262
6.589999852702022
6.0474998648278415
8.64349980680272
7.848499824572355
9.169499795045704
9.894999778829515
11.578499741200357
14.428499677497893
13.262999703548848
15.972499642986804
15.59649965139106
19.232499570120126
15.934999643824995
14.652499672491103
15.451499654632062
17.77149960277602
18.168999593891204
18.11399959512055
16.238999637030066
18.42049958826974
19.611499561648817
20.15449954951182
19.75499955844134
21.437499520834535
20.55649954052642
21.604499517101793
21.559999518096447
20.24649954745546
23.07749948417768
22.917499487753958
22.979999486356974
27.218499391619115
24.53799945153296
27.156499393004925
26.672499403823167
28.586999361030756
26.566999406181274
28.235999368876218
29.453499341662972
29.83349933316931
30.44599931947887
29.821999333426355
30.774999312125146
30.336999321915208
31.157499303575605
28.665499359276147
29.30299934502691
31.629999293014407
30.98499930743128
30.93999930843711
30.204499324876814
31.844499288219957
30.33799932189286
30.16249932581559
29.217499346937984
32.09699928257614
30.054499328229575
31.75149929029867
31.123499304335564
31.849999288097024
34.598499226663264
32.7259992685169
31.749499290343373
32.240999279357496
34.39549923120067
33.395999253541234
34.948499218840155
35.92449919702485
35.44799920767546
34.376499231625345
35.47149920715019
36.77699917796999
36.51299918387085
34.65199922546744
36.818999177031216
34.776999222673474
36.481999184563755
36.95399917401373
35.86099919844419
37.452999162860216
34.28549923365936
36.75749917840585
36.47699918467551
36.351499187480655
35.57599920481444
36.40849918620661
35.767499200534075
36.361999187245964
35.83349919905886
37.63199915885925
36.90649917507544
36.506499184016135
36.29349918877706
35.27499921154231
35.873499198164794
33.97899924051016
33.95649924101308
33.84399924352765
35.77749920031056
35.60949920406565
34.55699922759086
36.206999190710484
36.285499188955875
35.24749921215698
33.8014992444776
35.38499920908362
31.10249930480495
35.33399921022355
37.104499170649795
36.55149918301031
36.58199918232858
36.5264991835691
35.9544991963543
35.55099920537323
36.68749917997047
36.18799919113517
36.15599919185043
35.39849920878187
35.485999206826094
35.27149921162054
36.848999176360664
34.569999227300286
36.48399918451905
37.17899916898459
37.27699916679412
36.89699917528778
37.18549916883931
36.151499191951004
35.63249920355156
34.93849921906367
34.910999219678345
34.88049922036007
33.23099925722927
35.20349921314046
36.78849917771295
36.77699917796999
36.110999192856255
35.65749920299277
35.709499201830475
37.182999168895186
35.08499921578914
34.09649923788383
35.422499208245426
35.54699920546263
34.68299922477454
35.09599921554327
32.71949926866218
29.803499333839863
34.13449923703447
34.54899922776967
34.566499227378515
34.90699921976775
34.11199923753738
34.450999229960146
35.10799921527505
36.04649919429794
35.57449920484796
34.23999923467636
36.66649918043986
35.547999205440284
34.912499219644815
34.72999922372401
35.550499205384405
35.83549919901416
36.89349917536602
36.271499189268795
36.65549918068573
35.072499216068536
34.50499922875315
35.98099919576198
36.91299917493016
37.026999172382055
37.06849917145446
35.94149919664487
33.23649925710633
34.45049922997132
36.27049918929115
36.14149919217452
35.98899919558316
32.647999270260335
36.44799918532372
37.086499171052125
35.881499197985974
35.59749920433387
34.164499236363916
35.20499921310693
35.08849921571091
36.51049918392673
36.114999192766845
